.service{
    
    width: 100%;
    height: 100%;
    text-align: center;
    background-color: rgba(0, 0, 0, 0.69);
}
.ser_mar{
    font-size: 30px;
    
    color: rgba(255, 255, 255, 0.96);
}




div#stage{
	-webkit-perspective: 600px;
	-webkit-perspective-origin: 50% 50%;
	-moz-perspective: 600px;
	-moz-perspective-origin: 50% 50%;
	-ms-perspective: 600px;
	-ms-perspective-origin: 50% 50%;
	perspective: 600px;
	perspective-origin: 50% 50%;
	text-align:center;
	overflow: visible;
	position: relative;
	margin: 20px auto;
	height: 500px;
	width: 960px;
}


img {
	-webkit-transition-property: -webkit-transform;
  	-webkit-transition-duration: 0.7s;
	-moz-transition-property: -moz-transform;
  	-moz-transition-duration: 0.7s;
	-ms-transition-property: -ms-transform;
  	-ms-transition-duration: 0.7s;
	transition-property: transform;
  	transition-duration: 0.7s;
	position: relative;
	-webkit-transform: matrix3d(0.7109, 0, -0.703279, 0, 
                                0, 1, 0, 0, 
                                0.703279, 0, 0.7109, 0, 
                                0, 0, 0, 1);

	-moz-transform: matrix3d(0.7109, 0, -0.703279, 0, 
                                0, 1, 0, 0, 
                                0.703279, 0, 0.7109, 0, 
                                0, 0, 0, 1);

	-ms-transform: matrix3d(0.7109, 0, -0.703279, 0, 
                                0, 1, 0, 0, 
                                0.703279, 0, 0.7109, 0, 
                                0, 0, 0, 1);

	transform: matrix3d(0.7109, 0, -0.703279, 0, 
                                0, 1, 0, 0, 
                                0.703279, 0, 0.7109, 0, 
                                0, 0, 0, 1);
	top: 150px;
	width: 135px;
	height: 200px;
	-webkit-box-reflect:below 15px
    -webkit-gradient(linear, left top, left bottom, from(transparent),
    color-stop(0.7, transparent), to(#ff0000));
}

img:hover {
	-webkit-transition-property: -webkit-transform;
  	-webkit-transition-duration: 0.7s;
	-webkit-transform: matrix3d(1, 0, 0, 0, 
                                0, 1, 0, 0, 
                                0, 0, 1, 0, 
                                0, 0, 200, 1);

	-moz-transition-property: -moz-transform;
  	-moz-transition-duration: 0.7s;
	-moz-transform: matrix3d(1, 0, 0, 0, 
                                0, 1, 0, 0, 
                                0, 0, 1, 0, 
                                0, 0, 200, 1);

	-ms-transition-property: -ms-transform;
  	-ms-transition-duration: 0.7s;
	-ms-transform: matrix3d(1, 0, 0, 0, 
                                0, 1, 0, 0, 
                                0, 0, 1, 0, 
                                0, 0, 200, 1);

	transition-property: transform;
  	transition-duration: 0.7s;
	transform: matrix3d(1, 0, 0, 0, 
                                0, 1, 0, 0, 
                                0, 0, 1, 0, 
                                0, 0, 200, 1);
	z-index: 1000;
}